4 0.45583333281250005 0.47555555624999996 0.4683333328125 0.4766666671875 0.46749999999999997 0.462222221875 0.45499999999999996 0.4611111109375 0.465 0.467777778125 0.45583333281250005 0.47555555624999996
4 0.7025 0.637777778125 0.6983333328125 0.65 0.7133333328125 0.6588888890625 0.7025 0.637777778125
4 0.665 0.60555555625 0.6641666671875 0.5911111109375 0.655 0.5944444437499999 0.6558333328125 0.6044444437500001 0.665 0.60555555625
4 0.6566666671875 0.5788888890624999 0.6558333328125 0.5711111109375 0.64 0.5700000000000001 0.6458333328125 0.58 0.6566666671875 0.5788888890624999
4 0.6883333328125001 0.5233333328125 0.6950000000000001 0.5255555562499999 0.6958333328124999 0.5 0.6849999999999999 0.507777778125 0.6916666671875 0.507777778125 0.6883333328125001 0.5233333328125
4 0.5133333328125 0.507777778125 0.5216666671875 0.51444444375 0.5216666671875 0.5033333328125 0.5283333328125 0.5033333328125 0.5175 0.4888888890625 0.5133333328125 0.507777778125
4 0.5549999999999999 0.51 0.5433333328125001 0.47888888906249993 0.5358333328125 0.48 0.5416666671875 0.5011111109375 0.5549999999999999 0.51
4 0.7541666671875 0.5822222218750001 0.7666666671875 0.5811111109375 0.7716666671875 0.5700000000000001 0.7675 0.56444444375 0.7516666671875 0.5700000000000001 0.7541666671875 0.5822222218750001
4 0.5766666671875 0.55 0.585 0.5522222218749999 0.605 0.53444444375 0.6008333328125001 0.5288888890625 0.5841666671875 0.5355555562500001 0.5766666671875 0.55
4 0.5083333328124999 0.507777778125 0.5133333328125 0.5033333328125 0.5 0.49888888906249995 0.5108333328125 0.4911111109375 0.49083333281249997 0.4911111109375 0.49583333281249997 0.5111111109375 0.4841666671875 0.50444444375 0.4766666671875 0.51 0.4733333328125 0.5188888890625 0.48 0.5366666671875 0.495 0.5233333328125 0.4875 0.51555555625 0.5116666671875 0.51444444375 0.5083333328124999 0.507777778125
4 0.5225 0.5511111109375 0.5241666671874999 0.54444444375 0.47000000000000003 0.54555555625 0.4841666671875 0.557777778125 0.4875 0.5488888890625 0.49916666718749997 0.5511111109375 0.505 0.5611111109375 0.49000000000000005 0.56555555625 0.5041666671875 0.5688888890625 0.5075000000000001 0.58444444375 0.5216666671875 0.5833333328125 0.5283333328125 0.56555555625 0.5108333328125 0.56444444375 0.5083333328124999 0.55 0.5225 0.5511111109375
4 0.665 0.47888888906249993 0.6675 0.46444444375 0.6775 0.4733333328125 0.6816666671875 0.46333333281250005 0.665 0.4588888890625 0.665 0.43222222187500003 0.6675 0.42222222187499997 0.6791666671875001 0.43777777812499996 0.6883333328125001 0.4233333328125 0.6791666671875001 0.41111111093749997 0.6725 0.42000000000000004 0.6591666671875 0.41555555625 0.6558333328125 0.3911111109375 0.645 0.43222222187500003 0.6325000000000001 0.42888888906249995 0.63 0.4411111109375 0.6408333328125 0.44888888906249996 0.6458333328125 0.442222221875 0.6441666671874999 0.45555555625000005 0.655 0.45222222187499994 0.6641666671875 0.4933333328125 0.6675 0.48444444375 0.6766666671875 0.487777778125 0.6799999999999999 0.5255555562499999 0.6849999999999999 0.5033333328125 0.6799999999999999 0.49444444374999996 0.6900000000000001 0.48333333281249996 0.665 0.47888888906249993
4 0.5883333328125 0.82555555625 0.5991666671875 0.8133333328125 0.6174999999999999 0.81555555625 0.6233333328125 0.8366666671875 0.6333333328124999 0.8411111109375 0.63 0.8166666671874999 0.6383333328125 0.8099999999999999 0.63 0.8055555562500001 0.6366666671875 0.8011111109375 0.6291666671875 0.7888888890625 0.6258333328125001 0.8088888890625 0.6166666671875001 0.7966666671875 0.6166666671875001 0.7788888890625 0.6083333328125 0.7633333328125 0.6133333328125 0.7566666671875 0.6016666671875 0.73444444375 0.6116666671875 0.73 0.6066666671875 0.7233333328125 0.6133333328125 0.7166666671875 0.6 0.7122222218750001 0.6291666671875 0.7088888890625 0.6325000000000001 0.6977777781250001 0.6491666671874999 0.6977777781250001 0.6458333328125 0.6888888890625 0.6675 0.6866666671874999 0.6533333328125 0.672222221875 0.6591666671875 0.6688888890625 0.6641666671875 0.6777777781250001 0.67 0.66555555625 0.6616666671875 0.647777778125 0.6683333328125001 0.6166666671875001 0.6799999999999999 0.612222221875 0.6808333328125 0.59555555625 0.7083333328125 0.5900000000000001 0.6916666671875 0.5766666671875 0.7083333328125 0.5722222218749999 0.7 0.55444444375 0.71 0.55 0.7150000000000001 0.53 0.7116666671874999 0.4966666671875 0.6908333328125 0.502222221875 0.6883333328125001 0.49444444374999996 0.7108333328125 0.4911111109375 0.71 0.4766666671875 0.6758333328125 0.482222221875 0.6791666671875001 0.46666666718750005 0.6900000000000001 0.467777778125 0.6841666671875 0.45999999999999996 0.6758333328125 0.46444444375 0.6716666671875 0.45444444375000004 0.6766666671875 0.44555555625 0.67 0.407777778125 0.6766666671875 0.39888888906250003 0.6675 0.3911111109375 0.6641666671875 0.40222222187499995 0.6583333328125 0.3966666671875 0.6558333328125 0.41111111093749997 0.6466666671875 0.407777778125 0.6466666671875 0.39888888906250003 0.6625 0.38444444375 0.675 0.38333333281250004 0.6633333328125001 0.3788888890625 0.6566666671875 0.3566666671875 0.6675 0.357777778125 0.6716666671875 0.35 0.6358333328125 0.342222221875 0.6308333328125 0.35111111093749997 0.6224999999999999 0.337777778125 0.615 0.347777778125 0.6125 0.3333333328125 0.6516666671875 0.32999999999999996 0.6375 0.32 0.6325000000000001 0.3288888890625 0.6291666671875 0.322222221875 0.6241666671874999 0.3266666671875 0.6224999999999999 0.317777778125 0.615 0.32555555625 0.6125 0.3133333328125 0.63 0.307777778125 0.6241666671874999 0.3088888890625 0.6208333328125 0.297777778125 0.6158333328125 0.3066666671875 0.6083333328125 0.29444444375 0.625 0.287777778125 0.6208333328125 0.27777777812500004 0.6091666671875 0.28444444375 0.5983333328125 0.27444444375 0.6083333328125 0.26777777812500003 0.6041666671875 0.257777778125 0.6 0.26555555625 0.5808333328125 0.2133333328125 0.5775 0.22444444375 0.5658333328125 0.21111111093749999 0.5608333328125 0.222222221875 0.5575 0.21111111093749999 0.5425 0.202222221875 0.5316666671875 0.21000000000000002 0.5316666671875 0.2211111109375 0.5466666671875 0.22999999999999998 0.5483333328125 0.24555555624999997 0.5633333328125001 0.252222221875 0.5566666671875 0.2766666671875 0.5475 0.27777777812500004 0.4916666671875 0.20111111093749998 0.4483333328125 0.1166666671875 0.43916666718749997 0.10444444374999999 0.43499999999999994 0.112222221875 0.4325 0.0888888890625 0.4291666671875 0.1111111109375 0.4258333328125 0.1 0.4125 0.10888888906250001 0.40083333281250005 0.097777778125 0.3975 0.10444444374999999 0.3775 0.102222221875 0.36833333281249997 0.107777778125 0.375 0.11888888906249999 0.3691666671875 0.11777777812500001 0.36583333281249997 0.1288888890625 0.3541666671875 0.11777777812500001 0.3491666671875 0.1288888890625 0.3375 0.102222221875 0.3366666671875 0.1211111109375 0.3283333328125 0.127777778125 0.34500000000000003 0.1611111109375 0.3341666671875 0.17333333281250002 0.3025 0.13999999999999999 0.2991666671875 0.1266666671875 0.28250000000000003 0.12222222187500001 0.2866666671875 0.11000000000000001 0.26749999999999996 0.102222221875 0.2716666671875 0.09 0.25916666718750003 0.077777778125 0.2525 0.08444444375 0.24416666718750002 0.0666666671875 0.24 0.092222221875 0.2308333328125 0.077777778125 0.2233333328125 0.09444444375 0.2766666671875 0.1633333328125 0.2983333328125 0.2166666671875 0.2783333328125 0.212222221875 0.26 0.167777778125 0.24500000000000002 0.1588888890625 0.2475 0.14666666718750002 0.2266666671875 0.15 0.23500000000000001 0.1588888890625 0.225 0.1633333328125 0.225 0.232222221875 0.2116666671875 0.23444444375 0.2166666671875 0.252222221875 0.20833333281250002 0.287777778125 0.21000000000000002 0.33888888906250003 0.20750000000000002 0.3466666671875 0.1966666671875 0.33888888906250003 0.20166666718749998 0.3566666671875 0.1966666671875 0.3633333328125 0.21000000000000002 0.367777778125 0.2116666671875 0.38777777812499997 0.2116666671875 0.45222222187499994 0.1966666671875 0.46333333281250005 0.21000000000000002 0.47222222187499996 0.2033333328125 0.48111111093750003 0.21000000000000002 0.4966666671875 0.1966666671875 0.507777778125 0.20833333281250002 0.51 0.2116666671875 0.5366666671875 0.205 0.54555555625 0.2116666671875 0.592222221875 0.2258333328125 0.59555555625 0.22999999999999998 0.60555555625 0.2216666671875 0.612222221875 0.2375 0.61555555625 0.2408333328125 0.6311111109375 0.24416666718750002 0.622222221875 0.2508333328125 0.6288888890625 0.2641666671875 0.622222221875 0.28500000000000003 0.6455555562499999 0.3333333328125 0.7388888890625 0.3433333328125 0.74555555625 0.3433333328125 0.7611111109375 0.3516666671875 0.76555555625 0.3358333328125 0.782222221875 0.3591666671875 0.7933333328125001 0.36 0.76555555625 0.38 0.76555555625 0.3716666671875 0.7677777781249999 0.375 0.7855555562500001 0.3583333328125 0.8011111109375 0.36833333281249997 0.8055555562500001 0.3641666671875 0.8133333328125 0.3858333328125 0.81555555625 0.38416666718750003 0.82444444375 0.3991666671875 0.8133333328125 0.40750000000000003 0.82444444375 0.42083333281249996 0.81555555625 0.4266666671875 0.82555555625 0.42083333281249996 0.8333333328125001 0.4291666671875 0.8333333328125001 0.43 0.8166666671874999 0.43583333281250003 0.81555555625 0.43916666718749997 0.8266666671875 0.44666666718750003 0.827777778125 0.44000000000000006 0.83444444375 0.4525 0.8355555562499999 0.45416666718750004 0.8444444437499999 0.4625 0.8266666671875 0.5008333328125001 0.82444444375 0.5175 0.8422222218750001 0.5391666671875 0.8355555562499999 0.5333333328125 0.8433333328125 0.5408333328125 0.8444444437499999 0.5458333328125 0.8355555562499999 0.5483333328125 0.847777778125 0.5758333328125 0.8444444437499999 0.5775 0.8355555562499999 0.5908333328125 0.8333333328125001 0.5883333328125 0.82555555625